20
01110
11111
10101
11111
01010
Calavera
01110
11011
10001
11011
01110
Cruz
10101
11111
01110
01010
01110
Castillo
11011
11011
00000
10001
01110
CaraFeliz
00011
00010
01110
01110
11010
Dinosaurio
01000
01011
00100
11010
00010
Ventilador
01010
11111
11111
01110
00100
Corazon
00011
11010
11110
10100
10100
Camello
00101
00111
11111
11110
11111
Gato
01110
10101
10111
10001
01110
Reloj
00110
01001
11100
10100
11100
Bomba
01100
00011
01111
11110
01111
Conejo
01010
10101
00100
11111
01110
Fuente
01100
11001
11110
01100
10010
Carrito de Bebe
00100
01100
10101
10011
11011
Tetris
00011
10011
11110
01010
01010
Perro
01000
11011
01110
01110
00100
Gallina
01000
00000
01000
01011
11110
Vela
11101
00101
11111
10100
10111
Caca
00100
01110
11111
00100
01110
Avion