20
01110
11011
10001
11011
01110
00100
00100
01100
00100
01100
Llave
01010
10101
10001
01110
00100
00100
01110
10001
10101
01010
Hueso
00010
11101
10101
11101
00001
00001
11101
10101
11101
00010
Sonrisa
00110
00010
11011
01010
01110
00100
11111
01110
01110
01110
Cactus
11111
10001
10011
10011
10101
10101
10011
10011
10001
11111
Carta
00100
01110
11111
00100
00100
00100
00100
00100
01010
10001
Flecha
01010
11111
10010
10010
11111
01001
01001
11111
01010
00000
Dolar
01100
01000
01100
00100
00110
00010
00011
01111
11111
01110
Negrita
00010
00111
00010
00100
00100
00100
11111
01110
01110
01110
Flor
00000
00100
11011
10001
00011
00100
00100
00100
00000
00100
Interrogacion
00100
01110
11111
10101
01110
01010
11111
11111
01110
00100
Poker 1
00100
01110
11111
01110
00100
01110
11111
11111
10101
01110
Poker 2
01110
11011
10101
11011
11111
01110
10101
11011
11111
01010
Minion
00100
00100
01100
01100
01110
01110
11111
11111
01110
00100
Gota
11111
10001
10001
01010
00100
00100
01010
10001
11111
11111
Reloj de arena
01010
01010
11111
10001
10001
01110
00100
00110
00010
00011
Enchufe
00001
00010
11111
10101
01010
00100
00100
00100
01110
11111
Coctail
00000
01110
11011
11101
11111
10001
10001
10001
01110
00000
Viagra
01110
10001
11111
10101
10101
10101
10101
10001
01010
00100
Lapiz
11000
01000
01100
00100
00110
00010
00011
01111
10001
01110
Blanca