20
1000
0000
0000
0000
Eso es
1111
0000
0000
0000
Lo has pillado
0010
0010
1111
0010
Increible
1100
1010
1010
1100
Arco
0110
1111
1111
0110
Cruz
0000
0010
0110
1111
Caca
0101
1111
1100
0111
Pac Man
1001
1001
1111
0001
Cuatro
1001
1111
0110
0110
Tirachinas
0110
1001
1111
0110
Seta
1111
1111
1111
1111
Noche
1100
1110
0111
0011
Escalera
1111
1001
0110
0110
Cerradura
1110
1110
0100
0100
Arbol
1010
0101
1010
0101
Ajedrez
0110
1001
1001
0110
Pelota
1111
0010
0100
1000
Boomerang
1111
1000
1111
0101
Among Us
0110
1001
1111
1001
Ahhhhh
0001
0010
1100
1100
Cereza